function rgb=my_xyz2rgb(xyz)
 M=[	
 0.4124564  0.3575761  0.1804375
 0.2126729  0.7151522  0.0721750
 0.0193339  0.1191920  0.9503041];

% M=[0.433953    0.376219    0.189828
%     0.212671    0.715160    0.072169
%     0.017758    0.109477    0.872765];
xyz=xyz(:);
rgb=M\xyz;
rgb=rgb';

end